T=1.4064726829528809
Threshold=-2.9728176593780518
